CSV file created!
              Population       GDP  Life_Expectancy
Country Year                                       
USA     2020   331000000  21000000             78.5
        2021   332000000  21500000             78.7
China   2020  1400000000  14300000             76.9
        2021  1405000000  15000000             77.1
Germany 2020    83000000   4200000             81.3
        2021    83100000   4250000             81.5
605683333.3333334
80250000
81.5
4200000
605683333.3333334
7013068.158801824
80250000
              Population         GDP  Life_Expectancy
Country Year                                         
USA     2020   331000000  23100000.0             78.5
        2021   332000000  23650000.0             78.7
China   2020  1400000000  15730000.0             76.9
        2021  1405000000  16500000.0             77.1
Germany 2020    83000000   4620000.0             81.3
        2021    83100000   4675000.0             81.5
              Population         GDP  Life_Expectancy
Year Country                                         
2020 China    1400000000  15730000.0             76.9
     Germany    83000000   4620000.0             81.3
     USA       331000000  23100000.0             78.5
2021 China    1405000000  16500000.0             77.1
     Germany    83100000   4675000.0             81.5
     USA       332000000  23650000.0             78.7
         Population                     GDP             Life_Expectancy      
Year           2020        2021        2020        2021            2020  2021
Country                                                                      
China    1400000000  1405000000  15730000.0  16500000.0            76.9  77.1
Germany    83000000    83100000   4620000.0   4675000.0            81.3  81.5
USA       331000000   332000000  23100000.0  23650000.0            78.5  78.7
Year
2020    1400000000
2021    1405000000
Name: Population, dtype: int64
​
